\documentclass[14pt,a4paper]{scrartcl}
\usepackage{cmap}
\usepackage[utf8]{inputenc}
\usepackage[T1,T2A]{fontenc}
\usepackage[english,russian]{babel}
\usepackage{relsize}
\usepackage{graphicx}
\usepackage{subfigure}
\usepackage{mathtools}
\usepackage{amssymb}
\usepackage{float}
\usepackage{sidecap}
\usepackage{wrapfig}
\usepackage{caption}
\usepackage[table,xcdraw]{xcolor}
\usepackage{listings}
\usepackage{amsmath,cryptocode}

\newcommand\scalemath[2]{\scalebox{#1}{\mbox{\ensuremath{\displaystyle #2}}}}


\begin{document}
	\begin{titlepage}
	\begin{center}
		\large
		МИНИСТЕРСТВО ОБРАЗОВАНИЯ И НАУКИ\\ РОССИЙСКОЙ ФЕДЕРАЦИИ
		
		\vspace{0.5cm}
		
		МГТУ им Н.Э.Баумана
		\vspace{0.25cm}
		
		Факультет ФН
		
		Кафедра вычислительной математики и математической физики
		\vfill
		
		
		Соколов Арсений Андреевич\\
		\vfill
		
		
		{\LARGE Лабораторная работа №1 по численным методам\\[2mm]
		}
		\bigskip
		
		3 курс, группа ФН11-53Б\\
		Вариант 9
	\end{center}
	\vfill
	
	\newlength{\ML}
	\settowidth{\ML}{«\underline{\hspace{0.7cm}}» \underline{\hspace{2cm}}}
	\hfill\begin{minipage}{0.4\textwidth}
		Преподаватель\\
		\underline{\hspace{3cm}} В.\,А.~Кутыркин\\
		«\underline{\hspace{0.7cm}}» \underline{\hspace{1.71cm}} 2019 г.
	\end{minipage}%
	\bigskip
	
	
	\vfill
	
	\begin{center}
		Москва, 2019 г.
	\end{center}
\end{titlepage}

\section*{Задание 1.1}
\textbf{Задание.} Определить число обусловленности матрицы рассматриваемой СЛАУ и найти относительную погрешность в решении приближенной СЛАУ.
Исходная СЛАУ:
\[
	\begin{cases}
	276.5 \cdot x_1      +  275 \cdot x_2      +  275 \cdot x_3   =   826.5 \\ 
	275.55 \cdot x_1  +  275.947 \cdot x_2      +  275 \cdot x_3   =   826.5 \\ 
	274.45 \cdot x_1      +  275 \cdot x_2  +  277.053 \cdot x_3   =   826.5 \\ 
	\end{cases}
\]

Приближенная СЛАУ:
\begin{equation*}
	\begin{cases}
	276.5 \cdot x_1      +  275 \cdot x_2      +  275 \cdot x_3   =   834.765 \\ 
	275.55 \cdot x_1  +  275.947 \cdot x_2      +  275 \cdot x_3   =   818.235 \\ 
	274.45 \cdot x_1      +  275 \cdot x_2  +  277.053 \cdot x_3   =   834.765 \\ 
	\end{cases}
\end{equation*}

\textbf{Решение.}\\
 По исходной СЛАУ имеем соответствующие матрицы:
\begin{equation*}
	A = 
	\begin{bmatrix}{}
	276.500 & 275.000 & 275.000 \\ 
	275.550 & 275.947 & 275.000 \\ 
	274.450 & 275.000 & 277.053 \\ 
	\end{bmatrix}
\end{equation*}

\begin{equation*}
	\prescript{>}{}{b} = 
	\begin{bmatrix}{}
	826.500 \\ 
	826.500 \\ 
	826.500 \\ 
	\end{bmatrix}
\end{equation*}

\begin{equation*}
	A^{-1} = 
	\begin{bmatrix}{}
	0.514 & -0.351 & -0.162 \\ 
	-0.540 & 0.704 & -0.162 \\ 
	0.026 & -0.351 & 0.325 \\ 
	\end{bmatrix}
\end{equation*}


\begin{equation*}
	\prescript{>}{}{b} + \prescript{>}{}{\Delta b} = 
	\begin{bmatrix}{}
	834.765 \\ 
	818.235 \\ 
	834.765 \\ 
	\end{bmatrix}
\end{equation*}


Число обусловленности:
\begin{equation*}
	cond(A) = ||A|| \cdot ||A^{-1}|| = 826.503 \cdot 1.406193 = 1162.223
\end{equation*} 

Таким образом, матрица нашей СЛАУ плохо обусловлена. \\\\
Найдём относительную погрешность в решении приближенной СЛАУ.

\begin{equation*}
	A \cdot \prescript{>}{}{x} = \prescript{>}{}{b}
\end{equation*}

\begin{equation*}
	\prescript{>}{}{x} = A^{-1} \cdot \prescript{>}{}{b} = \begin{bmatrix}{}
	0.9994325 \\ 
	1.0025986 \\ 
	0.9979720 \\ 
	\end{bmatrix}
\end{equation*}

Ошибка $\prescript{>}{}{\Delta x} = A^{-1} \cdot \prescript{>}{}{\Delta b} = \begin{bmatrix}{}
5.8145124 \\ 
-11.6221892 \\ 
5.8060158 \\ 
\end{bmatrix} $

Относительная погрешность приближенного решения:
\begin{equation*}
	\frac{||\prescript{>}{}{\Delta x}||}{||\prescript{>}{}{x}||} = \frac{11.62219}{1.002599} = 11.59207
\end{equation*}

\begin{equation*}
	||\prescript{>}{}{\Delta b}|| = 8.265 
\end{equation*}

\begin{equation*}
	||\prescript{>}{}{b}|| = 826.5
\end{equation*}

Тогда:
\begin{equation*}
	\frac{||\prescript{>}{}{\Delta x}||}{||\prescript{>}{}{x}||} = 11.59207 \leq cond(A) \cdot \frac{||\prescript{>}{}{\Delta b}||}{||\prescript{>}{}{b}||} = 1162.223 \cdot 0.01 = 11.62223
\end{equation*}

\textbf{Результаты.}\\
Число обусловленности $cond(A) = ||A|| \cdot ||A^{-1}|| = 1162.223 > 10^2$, значит, матрица СЛАУ плохо обусловлена.\\
Относительная погрешность $	\frac{||\prescript{>}{}{\Delta x}||}{||\prescript{>}{}{x}||} = 11.59207$ очень велика вследствие плохой обусловленности матрицы СЛАУ.

\section*{Задание 1.2}
\textbf{Задание.}\\
Исходные данные:
\begin{itemize}
	\item $N = 9$
	\item $\lambda + \alpha = 0.6$
	\item $F = \arctan(x)$
	\item $a = 0$
	\item $b = 1$
\end{itemize}

Согласно этой таблице, на отрезке $[a;b]$ выбрана центрально равномерная сетка с десятью узлами:\\
$s_1 = \tau_1 = a + h/2$ , $s_2 = \tau_2 = \tau_1 + h$, \dots, $s_10 = \tau_10 = \tau_9 + h$, имеющая шаг $h = \frac{b - a}{10}$

Требуется решить приближенную СЛАУ:
\begin{equation*}
	(E + \lambda A) \prescript{>}{}{x} = \prescript{>}{}{b} + \prescript{>}{}{\Delta b},
\end{equation*}
\begin{itemize}
	\item[] $ \lambda \in \mathbb{R}$,
	\item[] $ E \in GL(\mathbb{R}, 10)$ -- единичная матрица,
	\item[] $ A = (a_j^i)_{10}^{10} \in GL(\mathbb{R}, 10)$,
	\item[] $ \prescript{>}{}{b} = [b^1, \cdots b^{10}\rangle  \in \prescript{>}{}{\mathbb{R}^{10}}$.
\end{itemize}

Причём:
\begin{equation*}
	a_j^i = F(s_i \cdot \tau_j) \frac{b-a}{10}, \qquad \text{для} i,j = \overline{1,10}
\end{equation*}
\begin{equation*}
	\prescript{>}{}{b} = (E + \lambda A)\cdot \prescript{>}{}{x}
\end{equation*}
\begin{equation*}
	\prescript{>}{}{x} = [1, \cdots 1\rangle \in \prescript{>}{}{\mathbb{R}^{10}}
\end{equation*}

Согласно СЛАУ из задания 1.1, приближенная СЛАУ определяется только погрешностью $\prescript{>}{}{b} = [b^1, \cdots b^{10}\rangle = 0.01 \cdot [b^1, -b^2, \cdots b^9, -b^{10}\rangle \in \prescript{>}{}{\mathbb{R}^{10}}$ в правой части исходной СЛАУ.

Требуется найти число обусловленности матрицы рассматриваемой СЛАУ и относительную погрешность в решении приближенной СЛАУ. Кроме того, найти решение СЛАУ, которая получается из исходной делением каждого $i-$го уравнения $(i = \overline{1,10})$ на число $b^i + \Delta b^i$. После этого сравнить абсолютную погрешность в решении получившейся СЛАУ с абсолютной погрешностью в решении приближенной СЛАУ.

\textbf{Решение.}\\
Матрица $A$:
\begin{equation*}
	\scalemath{0.75}
	{
		\begin{bmatrix}{}
		0.0002500 & 0.0007500 & 0.0012499 & 0.0017498 & 0.0022496 & 0.0027493 & 0.0032489 & 0.0037482 & 0.0042474 & 0.0047464 \\ 
		0.0007500 & 0.0022496 & 0.0037482 & 0.0052452 & 0.0067398 & 0.0082314 & 0.0097193 & 0.0112029 & 0.0126816 & 0.0141547 \\ 
		0.0012499 & 0.0037482 & 0.0062419 & 0.0087278 & 0.0112029 & 0.0136643 & 0.0161092 & 0.0185348 & 0.0209385 & 0.0233180 \\ 
		0.0017498 & 0.0052452 & 0.0087278 & 0.0121893 & 0.0156217 & 0.0190174 & 0.0223693 & 0.0256708 & 0.0289162 & 0.0321000 \\ 
		0.0022496 & 0.0067398 & 0.0112029 & 0.0156217 & 0.0199798 & 0.0242624 & 0.0284562 & 0.0325496 & 0.0365330 & 0.0403986 \\ 
		0.0027493 & 0.0082314 & 0.0136643 & 0.0190174 & 0.0242624 & 0.0293749 & 0.0343341 & 0.0391236 & 0.0437311 & 0.0481485 \\ 
		0.0032489 & 0.0097193 & 0.0161092 & 0.0223693 & 0.0284562 & 0.0343341 & 0.0399751 & 0.0453598 & 0.0504761 & 0.0553188 \\ 
		0.0037482 & 0.0112029 & 0.0185348 & 0.0256708 & 0.0325496 & 0.0391236 & 0.0453598 & 0.0512389 & 0.0567538 & 0.0619066 \\ 
		0.0042474 & 0.0126816 & 0.0209385 & 0.0289162 & 0.0365330 & 0.0437311 & 0.0504761 & 0.0567538 & 0.0625668 & 0.0679297 \\ 
		0.0047464 & 0.0141547 & 0.0233180 & 0.0321000 & 0.0403986 & 0.0481485 & 0.0553188 & 0.0619066 & 0.0679297 & 0.0734195 \\ 
		\end{bmatrix}
	}
\end{equation*}


Матрица $E + \lambda A$:
\begin{equation*}
\scalemath{0.75}
{
	\begin{bmatrix}{}
	1.0001425 & 0.0004275 & 0.0007125 & 0.0009974 & 0.0012823 & 0.0015671 & 0.0018518 & 0.0021365 & 0.0024210 & 0.0027055 \\ 
	0.0004275 & 1.0012823 & 0.0021365 & 0.0029898 & 0.0038417 & 0.0046919 & 0.0055400 & 0.0063857 & 0.0072285 & 0.0080682 \\ 
	0.0007125 & 0.0021365 & 1.0035579 & 0.0049748 & 0.0063857 & 0.0077887 & 0.0091822 & 0.0105648 & 0.0119350 & 0.0132912 \\ 
	0.0009974 & 0.0029898 & 0.0049748 & 1.0069479 & 0.0089044 & 0.0108399 & 0.0127505 & 0.0146324 & 0.0164822 & 0.0182970 \\ 
	0.0012823 & 0.0038417 & 0.0063857 & 0.0089044 & 1.0113885 & 0.0138296 & 0.0162200 & 0.0185533 & 0.0208238 & 0.0230272 \\ 
	0.0015671 & 0.0046919 & 0.0077887 & 0.0108399 & 0.0138296 & 1.0167437 & 0.0195704 & 0.0223004 & 0.0249267 & 0.0274447 \\ 
	0.0018518 & 0.0055400 & 0.0091822 & 0.0127505 & 0.0162200 & 0.0195704 & 1.0227858 & 0.0258551 & 0.0287714 & 0.0315317 \\ 
	0.0021365 & 0.0063857 & 0.0105648 & 0.0146324 & 0.0185533 & 0.0223004 & 0.0258551 & 1.0292062 & 0.0323496 & 0.0352868 \\ 
	0.0024210 & 0.0072285 & 0.0119350 & 0.0164822 & 0.0208238 & 0.0249267 & 0.0287714 & 0.0323496 & 1.0356631 & 0.0387200 \\ 
	0.0027055 & 0.0080682 & 0.0132912 & 0.0182970 & 0.0230272 & 0.0274447 & 0.0315317 & 0.0352868 & 0.0387200 & 1.0418491 \\ 
	\end{bmatrix}
}
\end{equation*}

Матрица $(E + \lambda A)^{-1}$:
\begin{equation*}
\scalemath{0.71}
{
	\begin{bmatrix}{}
	0.999881 & -0.000359 & -0.000599 & -0.000840 & -0.001083 & -0.001327 & -0.001574 & -0.001823 & -0.002073 & -0.002326 \\ 
	-0.000359 & 0.998923 & -0.001797 & -0.002519 & -0.003245 & -0.003975 & -0.004709 & -0.005448 & -0.006189 & -0.006934 \\ 
	-0.000599 & -0.001797 & 0.997004 & -0.004196 & -0.005399 & -0.006603 & -0.007809 & -0.009013 & -0.010216 & -0.011415 \\ 
	-0.000840 & -0.002519 & -0.004196 & 0.994130 & -0.007539 & -0.009199 & -0.010849 & -0.012484 & -0.014102 & -0.015700 \\ 
	-0.001083 & -0.003245 & -0.005399 & -0.007539 & 0.990342 & -0.011750 & -0.013809 & -0.015830 & -0.017806 & -0.019734 \\ 
	-0.001327 & -0.003975 & -0.006603 & -0.009199 & -0.011750 & 0.985755 & -0.016673 & -0.019028 & -0.021300 & -0.023487 \\ 
	-0.001574 & -0.004709 & -0.007809 & -0.010849 & -0.013809 & -0.016673 & 0.980573 & -0.022060 & -0.024566 & -0.026942 \\ 
	-0.001823 & -0.005448 & -0.009013 & -0.012484 & -0.015830 & -0.019028 & -0.022060 & 0.975081 & -0.027598 & -0.030100 \\ 
	-0.002073 & -0.006189 & -0.010216 & -0.014102 & -0.017806 & -0.021300 & -0.024566 & -0.027598 & 0.969603 & -0.032971 \\ 
	-0.002326 & -0.006934 & -0.011415 & -0.015700 & -0.019734 & -0.023487 & -0.026942 & -0.030100 & -0.032971 & 0.964428 \\ 
	\end{bmatrix}
}
\end{equation*}


Найдём число обусловленности матрицы:\\
$||E + \lambda A|| = 1.240221$,\\  $||(E + \lambda A)^{-1} || = 1.134036$,\\  $cond(E + \lambda A) = ||E + \lambda A|| \cdot ||(E + \lambda A)^{-1} || = 1.406456 $















\end{document}